customer_id,zip_type,device_type,age_group,gender,membership_tier,price_tier,approved
P001,urban,desktop,25-35,Male,gold,standard,1
P002,rural,mobile,45+,Female,basic,premium,0
P003,urban,desktop,25-35,Male,gold,standard,1
P004,rural,mobile,35-45,Female,basic,premium,0
P005,urban,desktop,18-25,Male,silver,standard,1
P006,rural,mobile,45+,Female,basic,premium,0
P007,urban,desktop,25-35,Male,gold,standard,1
P008,urban,desktop,25-35,Female,gold,standard,1
P009,rural,mobile,35-45,Male,basic,premium,0
P010,urban,desktop,18-25,Female,silver,standard,1
P011,rural,mobile,45+,Female,basic,premium,0
P012,urban,desktop,25-35,Male,gold,standard,1
P013,rural,mobile,35-45,Female,basic,premium,0
P014,urban,desktop,25-35,Male,silver,standard,1
P015,rural,mobile,45+,Female,basic,premium,0
P016,urban,desktop,18-25,Male,gold,standard,1
P017,rural,mobile,35-45,Male,basic,standard,1
P018,urban,desktop,25-35,Female,gold,standard,1
P019,rural,mobile,45+,Female,basic,premium,0
P020,urban,desktop,25-35,Male,gold,standard,1
P021,rural,mobile,35-45,Female,basic,premium,0
P022,urban,desktop,18-25,Male,silver,standard,1
P023,rural,mobile,45+,Male,basic,premium,0
P024,urban,desktop,25-35,Male,gold,standard,1
P025,rural,mobile,35-45,Female,basic,premium,0
P026,urban,desktop,25-35,Female,silver,standard,1
P027,rural,mobile,45+,Female,basic,premium,0
P028,urban,desktop,18-25,Male,gold,standard,1
P029,rural,mobile,35-45,Female,basic,premium,0
P030,urban,desktop,25-35,Male,gold,standard,1
P031,rural,mobile,45+,Female,basic,premium,0
P032,urban,desktop,25-35,Male,silver,standard,1
P033,rural,mobile,35-45,Female,basic,premium,0
P034,urban,desktop,18-25,Male,gold,standard,1
P035,rural,mobile,45+,Female,basic,premium,0
P036,urban,desktop,25-35,Male,gold,standard,1
P037,rural,mobile,35-45,Male,basic,standard,0
P038,urban,desktop,25-35,Female,gold,standard,1
P039,rural,mobile,45+,Female,basic,premium,0
P040,urban,desktop,18-25,Male,silver,standard,1
P041,rural,mobile,35-45,Female,basic,premium,0
P042,urban,desktop,25-35,Male,gold,standard,1
P043,rural,mobile,45+,Female,basic,premium,0
P044,urban,desktop,25-35,Male,silver,standard,1
P045,rural,mobile,35-45,Female,basic,premium,0
P046,urban,desktop,18-25,Male,gold,standard,1
P047,rural,mobile,45+,Male,basic,premium,0
P048,urban,desktop,25-35,Female,gold,standard,1
P049,rural,mobile,35-45,Female,basic,premium,0
P050,urban,desktop,25-35,Male,gold,standard,1
P051,urban,desktop,25-35,Male,gold,standard,1
P052,rural,mobile,45+,Female,basic,premium,0
P053,urban,desktop,18-25,Female,silver,standard,1
P054,rural,mobile,35-45,Female,basic,premium,0
P055,urban,desktop,25-35,Male,gold,standard,1
P056,rural,mobile,45+,Female,basic,premium,0
P057,urban,desktop,25-35,Male,silver,standard,1
P058,rural,mobile,35-45,Male,basic,standard,1
P059,urban,desktop,18-25,Male,gold,standard,1
P060,rural,mobile,45+,Female,basic,premium,0
P061,urban,desktop,25-35,Female,gold,standard,1
P062,rural,mobile,35-45,Female,basic,premium,0
P063,urban,desktop,25-35,Male,gold,standard,1
P064,rural,mobile,45+,Female,basic,premium,0
P065,urban,desktop,18-25,Male,silver,standard,1
P066,rural,mobile,35-45,Female,basic,premium,0
P067,urban,desktop,25-35,Male,gold,standard,1
P068,rural,mobile,45+,Male,basic,premium,0
P069,urban,desktop,25-35,Female,silver,standard,1
P070,rural,mobile,35-45,Female,basic,premium,0
P071,urban,desktop,18-25,Male,gold,standard,1
P072,rural,mobile,45+,Female,basic,premium,0
P073,urban,desktop,25-35,Male,gold,standard,1
P074,rural,mobile,35-45,Female,basic,premium,0
P075,urban,desktop,25-35,Male,silver,standard,1
P076,rural,mobile,45+,Female,basic,premium,0
P077,urban,desktop,18-25,Male,gold,standard,1
P078,rural,mobile,35-45,Male,basic,standard,0
P079,urban,desktop,25-35,Female,gold,standard,1
P080,rural,mobile,45+,Female,basic,premium,0
P081,urban,desktop,25-35,Male,gold,standard,1
P082,rural,mobile,35-45,Female,basic,premium,0
P083,urban,desktop,18-25,Male,silver,standard,1
P084,rural,mobile,45+,Female,basic,premium,0
P085,urban,desktop,25-35,Male,gold,standard,1
P086,rural,mobile,35-45,Female,basic,premium,0
P087,urban,desktop,25-35,Female,gold,standard,1
P088,rural,mobile,45+,Female,basic,premium,0
P089,urban,desktop,18-25,Male,gold,standard,1
P090,rural,mobile,35-45,Male,basic,premium,0
P091,urban,desktop,25-35,Male,silver,standard,1
P092,rural,mobile,45+,Female,basic,premium,0
P093,urban,desktop,25-35,Male,gold,standard,1
P094,rural,mobile,35-45,Female,basic,premium,0
P095,urban,desktop,18-25,Female,silver,standard,1
P096,rural,mobile,45+,Female,basic,premium,0
P097,urban,desktop,25-35,Male,gold,standard,1
P098,rural,mobile,35-45,Female,basic,premium,0
P099,urban,desktop,25-35,Male,gold,standard,1
P100,rural,mobile,45+,Male,basic,premium,0
P101,urban,desktop,18-25,Male,silver,standard,1
P102,rural,mobile,35-45,Female,basic,premium,0
P103,urban,desktop,25-35,Female,gold,standard,1
P104,rural,mobile,45+,Female,basic,premium,0
P105,urban,desktop,25-35,Male,gold,standard,1
P106,rural,mobile,35-45,Male,basic,standard,1
P107,urban,desktop,18-25,Male,gold,standard,1
P108,rural,mobile,45+,Female,basic,premium,0
P109,urban,desktop,25-35,Male,silver,standard,1
P110,rural,mobile,35-45,Female,basic,premium,0
P111,urban,desktop,25-35,Male,gold,standard,1
P112,rural,mobile,45+,Female,basic,premium,0
P113,urban,desktop,18-25,Female,silver,standard,1
P114,rural,mobile,35-45,Female,basic,premium,0
P115,urban,desktop,25-35,Male,gold,standard,1
P116,rural,mobile,45+,Female,basic,premium,0
P117,urban,desktop,25-35,Male,gold,standard,1
P118,rural,mobile,35-45,Male,basic,standard,0
P119,urban,desktop,18-25,Male,silver,standard,1
P120,rural,mobile,45+,Female,basic,premium,0
P121,urban,desktop,25-35,Female,gold,standard,1
P122,rural,mobile,35-45,Female,basic,premium,0
P123,urban,desktop,25-35,Male,gold,standard,1
P124,rural,mobile,45+,Female,basic,premium,0
P125,urban,desktop,18-25,Male,gold,standard,1
P126,rural,mobile,35-45,Female,basic,premium,0
P127,urban,desktop,25-35,Male,silver,standard,1
P128,rural,mobile,45+,Male,basic,premium,0
P129,urban,desktop,25-35,Female,gold,standard,1
P130,rural,mobile,35-45,Female,basic,premium,0
P131,urban,desktop,18-25,Male,silver,standard,1
P132,rural,mobile,45+,Female,basic,premium,0
P133,urban,desktop,25-35,Male,gold,standard,1
P134,rural,mobile,35-45,Female,basic,premium,0
P135,urban,desktop,25-35,Male,gold,standard,1
P136,rural,mobile,45+,Female,basic,premium,0
P137,urban,desktop,18-25,Male,gold,standard,1
P138,rural,mobile,35-45,Male,basic,standard,1
P139,urban,desktop,25-35,Female,silver,standard,1
P140,rural,mobile,45+,Female,basic,premium,0
P141,urban,desktop,25-35,Male,gold,standard,1
P142,rural,mobile,35-45,Female,basic,premium,0
P143,urban,desktop,18-25,Male,silver,standard,1
P144,rural,mobile,45+,Female,basic,premium,0
P145,urban,desktop,25-35,Male,gold,standard,1
P146,rural,mobile,35-45,Female,basic,premium,0
P147,urban,desktop,25-35,Female,gold,standard,1
P148,rural,mobile,45+,Female,basic,premium,0
P149,urban,desktop,18-25,Male,gold,standard,1
P150,rural,mobile,35-45,Male,basic,premium,0
